1 236 156 220 
2 188 204 211 
3 251 195 188 
4 89 25 172 
5 199 191 123 
6 99 239 167 
7 175 167 231 
8 175 167 135 
9 167 83 79 
10 167 167 167
11 151 25 75 
12 0 0 0
13 183 215 215 
14 239 239 199 
15 239 247 95 
16 159 175 239 
17 239 199 19 
18 0 0 95 
19 167 247 191 
20 215 111 0 
21 192 231 239 
22 231 231 0 
23 183 119 0 
24 29 29 29
25 103 107 67 
26 14 107 99 
27 183 99 239 
28 47 135 223 
29 67 94 51 
30 0 167 0 
31 55 151 0 
32 0 75 0 
33 0 191 127 
34 215 127 0 
35 111 18 0 
36 135 91 0 
37 99 71 25 
38 199 183 0 
39 0 83 63 
40 143 143 127 
41 40 217 0 
42 64 242 128 
43 219 242 64 
44 144 79 72 
45 242 96 84 
46 162 146 56 
47 128 39 56 
48 8 168 112 
49 207 102 43 
50 83 95 113 
51 162 48 72 
52 191 191 250 
53 146 154 128 
54 162 138 0 
55 64 242 100 
56 104 175 206 
57 174 226 143 
58 176 146 112 
59 225 242 104 
60 178 100 0 
61 242 210 178 
62 184 104 194 
63 143 99 63 
64 176 138 21 
65 247 202 190 
66 127 183 141 
67 124 144 205 
68 178 227 242 
69 55 51 175 
70 162 194 35 
71 23 133 80 
72 131 131 131
73 120 242 194 
74 242 178 104 
75 245 247 201 
76 201 201 110 
77 120 242 131 
78 104 163 242 
79 36 211 189 
80 7 162 0 
81 0 162 120 
82 201 202 227 
83 0 144 56 
84 44 195 155 
85 28 145 80 
86 112 224 84 
87 51 242 24 
88 84 242 195 
89 32 165 92 
90 160 242 84 
91 242 163 64 
92 96 178 0 
93 186 242 84 
94 202 13 0
95 177 242 64 
96 242 84 112 
97 144 65 59 
98 0 64 104 
99 112 84 242 
100 242 100 44 
101 0 84 202 
102 6 242 84 
103 0 60 0 
104 171 163 242 
105 206 107 102 
106 186 242 146 
107 64 242 92 
108 192 7 151 
109 42 101 126 
110 0 0 255 
111 137 137 137
112 80 80 80
113 236 211 236 
114 177 59 35 
115 216 216 216 
116 217 13 1 
117 35 48 6 
118 124 72 100 
119 242 176 184 
120 20 184 64 
121 168 210 146 
122 223 133 127 
123 150 150 150 
124 207 207 150 
125 213 221 230 
126 0 0 0 
127 0 0 0 
128 168 160 239 
129 204 104 96 
130 0 0 0 
131 0 0 0 
132 183 239 142 
133 0 0 0 
134 60 239 89 
135 0 0 0 
136 188 5 147 
137 0 0 0 
138 40 96 119 
139 0 0 0 
end
